-0.0007972416543591196 1.5978188000259346 
-0.0007909596558100251 1.597635549969412 
-0.0007846720340101039 1.5974549736943977 
-0.0007783788731490007 1.597277047124427 
-0.0007720802566170311 1.5971017463650616 
-0.0007657762670078248 1.5969290477033316 
-0.0007594669861212752 1.5967589276090046 
-0.0007531524949664081 1.5965913627355528 
-0.0007468328737645184 1.5964263299193096 
-0.0007405082019523238 1.5962638061813164 
-0.0007341785581852604 1.5961037687269948 
-0.0007278440203409009 1.5959461949463014 
-0.0007215046655224371 1.5957910624149627 
-0.0007151605700623093 1.5956383488944115 
-0.0007088118095259326 1.5954880323324339 
-0.0007024584587154593 1.5953400908637938 
-0.0006961005916737827 1.5951945028097363 
-0.0006897382816884318 1.595051246679662 
-0.0006833716012958138 1.5949103011703316 
-0.0006770006222853314 1.5947716451673903 
-0.000670625415703674 1.5946352577444083 
-0.0006642460518592932 1.5945011181654725 
-0.0006578626003268043 1.5943692058823433 
-0.0006514751299515776 1.594239500537749 
-0.0006450837088544121 1.594111981964408 
-0.0006386884044362728 1.5939866301852204 
-0.0006322892833831315 1.5938634254146269 
-0.0006258864116708363 1.593742348057735 
-0.0006194798545701777 1.5936233787118745 
-0.0006130696766518864 1.593506498165135 
-0.0006066559417918374 1.5933916873990548 
-0.0006002387131762961 1.593278927587147 
-0.0005938180533071585 1.593168200095505 
-0.0005873940240073735 1.5930594864842482 
-0.0005809666864264734 1.5929527685062517 
-0.0005745361010459223 1.5928480281084445 
-0.0005681023276849185 1.5927452474316708 
-0.0005616654255059039 1.5926444088109004 
-0.0005552254530204184 1.5925454947766506 
-0.0005487824680948046 1.592448488053195 
-0.0005423365279561547 1.592353371560396 
-0.000535887689198242 1.5922601284142524 
-0.0005294360077874299 1.592168741925311 
-0.0005229815390688391 1.5920791956003397 
-0.0005165243377724237 1.5919914731428577 
-0.0005100644580191571 1.59190555845274 
-0.000503601953327226 1.591821435625394 
-0.0004971368766184094 1.5917390889549667 
-0.0004906692802243828 1.5916585029308161 
-0.00048419921589309706 1.5915796622414244 
-0.0004777267347953005 1.5915025517711046 
-0.0004712518875310051 1.5914271566036144 
-0.0004647747241360691 1.5913534620193956 
-0.0004582952940888367 1.591281453498109 
-0.0004518136463167082 1.5912111167168974 
-0.00044532982920297837 1.5911424375520222 
-0.0004388438905935134 1.5910754020784972 
-0.0004323558778035596 1.5910099965702338 
-0.00042586583762463555 1.5909462075001966 
-0.0004193738163314111 1.5908840215409261 
-0.0004128798596885752 1.5908234255643363 
-0.0004063840129579204 1.5907644066418731 
-0.0003998863209053339 1.5907069520450123 
-0.000393386827807771 1.5906510492452333 
-0.0003868855774605013 1.5905966859141454 
-0.0003803826131841062 1.5905438499237265 
-0.0003738779778317408 1.5904925293464918 
-0.0003673717137963068 1.5904427124551495 
-0.00036086386301774007 1.5903943877238202 
-0.0003543544669901994 1.5903475438268535 
-0.00034784356676950505 1.5903021696403767 
-0.00034133120298039145 1.5902582542411334 
-0.00033481741582390423 1.5902157869072744 
-0.0003283022450848473 1.59017475711866 
-0.00032178573013917806 1.590135154556149 
-0.0003152679099614978 1.590096969102953 
-0.00030874882313257704 1.5900601908436038 
-0.0003022285078467801 1.5900248100646872 
-0.0002957070019197587 1.589990817254702 
-0.0002891843427959319 1.5899582031043953 
-0.0002826605675560895 1.5899269585064915 
-0.00027613571292510117 1.5898970745564454 
-0.00026960981527945904 1.5898685425518795 
-0.00026308291065505265 1.5898413539926741 
-0.0002565550347547914 1.5898155005817682 
-0.0002500262229563656 1.5897909742245657 
-0.00024349651031998695 1.5897677670289903 
-0.000236965931596108 1.5897458713063508 
-0.00023043452123324912 1.5897252795705574 
-0.00022390231338578412 1.5897059845383468 
-0.00021736934192173596 1.5896879791300267 
-0.00021083564043065245 1.5896712564685935 
-0.0002043012422313778 1.5896558098803169 
-0.00019776618038004623 1.5896416328952525 
-0.0001912304876778119 1.5896287192459622 
-0.00018469419667891188 1.5896170628691642 
-0.00017815733969841693 1.5896066579044619 
-0.00017161994882027368 1.589597498695371 
-0.00016508205590518368 1.5895895797887145 
-0.00015854369259860057 1.589582895934998 
-0.00015200489033862993 1.5895774420885083 
-0.00014546568036405416 1.5895732134070757 
-0.0001389260937223087 1.5895702052521563 
-0.00013238616127745836 1.589568413189388 
-0.00012584591371819775 1.5895678329877088 
-0.00011930538156591439 1.5895684606202942 
-0.00011276459518264753 1.5895702922640262 
-0.00010622358477915123 1.5895733242998231 
-9.968238042291563e-05 1.5895775533121168 
-9.314101204622657e-05 1.589582976089996 
-8.659950945421116e-05 1.5895895896259202 
-8.005790233283142e-05 1.589597391116608 
-7.351622025712073e-05 1.589606377962697 
-6.69744926989832e-05 1.5896165477689754 
-6.043274903546822e-05 1.5896278983441832 
-5.389101855681616e-05 1.5896404277010554 
-4.734933047441728e-05 1.5896541340565742 
-4.0807713929006534e-05 1.58966901583134 
-3.4266197998691905e-05 1.5896850716507505 
-2.772481170706248e-05 1.5897023003434878 
-2.1183584031171654e-05 1.5897207009429413 
-1.4642543909815231e-05 1.5897402726859877 
-8.101720251365435e-06 1.5897610150141137 
-1.5611419420767658e-06 1.589782927572374 
4.979162146027949e-06 1.5898060102101264 
1.1519163146907208e-05 1.5898302629807028 
1.805883219255927e-05 1.5898556861413662 
2.45981404048759e-05 1.5898822801534775 
3.1137058887652225e-05 1.5899100456822692 
3.767555871840925e-05 1.5899389835970008 
4.4213610940396775e-05 1.5899690949707272 
5.0751186554596345e-05 1.5900003810804915 
5.7288256511540264e-05 1.590032843407256 
6.382479170339433e-05 1.5900664836358624 
7.036076295585322e-05 1.5901013036544924 
7.6896141020074e-05 1.59013730555577 
8.343089656479008e-05 1.5901744916356517 
8.996500016813375e-05 1.5902128643937186 
9.649842230973968e-05 1.5902524265335496 
0.00010303113336269584 1.5902931809620031 
0.00010956310358560539 1.5903351307895663 
0.0001160943031145098 1.5903782793303045 
0.0001226247019550826 1.59042263010176 
0.00012915426997446924 1.5904681868246098 
0.00013568297689355371 1.5905149534233813 
0.00014221079227887123 1.590562934025377 
0.00014873768553470487 1.5906121329612475 
0.00015526362589531745 1.5906625547651227 
0.00016178858241686425 1.5907142041737046 
0.00016831252396969087 1.5907670861273024 
0.00017483541923031184 1.590821205768538 
0.00018135723667370846 1.590876568443544 
0.0001878779445653768 1.590933179700702 
0.00019439751095361862 1.590991045291551 
0.00020091590366167617 1.5910501711700145 
0.00020743309027994317 1.5911105634926603 
0.0002139490381582905 1.5911722286184549 
0.00022046371439822174 1.591235173108943 
0.0002269770858452369 1.5912994037277368 
0.0002334891190810505 1.5913649274407726 
0.0002399997804159934 1.5914317514160299 
0.0002465090358813142 1.5914998830234786 
0.00025301685122152903 1.591569329835081 
0.00025952319188685125 1.5916400996245565 
0.0002660280230255378 1.5917122003671023 
0.00027253130947640924 1.5917856402398123 
0.00027903301576125833 1.5918604276210289 
0.0002855331060773042 1.5919365710904596 
0.00029203154428981623 1.5920140794291906 
0.00029852829392451943 1.5920929616191453 
0.0003050233181602219 1.5921732268432827 
0.0003115165798214803 1.5922548844856779 
0.0003180080413710904 1.5923379441307486 
0.0003244976649028116 1.5924224155635816 
0.0003309854121341209 1.5925083087699838 
0.00033747124439877443 1.5925956339356695 
0.0003439551226396848 1.592684401446616 
0.00035043700740163344 1.5927746218889336 
0.00035691685882415815 1.592866306048459 
0.0003633946366343038 1.5929594649106413 
0.00036987030013963147 1.5930541096608137 
0.0003763438082209931 1.5931502516831824 
0.0003828151193256378 1.5932479025614765 
0.00038928419146010487 1.593347074078478 
0.0003957509821833141 1.5934477782156513 
0.00040221544859959067 1.5935500271531535 
0.0004086775473519204 1.593653833270042 
0.0004151372346148409 1.593759209143049 
0.00042159446608794164 1.593866167547495 
0.00042804919698888853 1.5939747214565894 
0.00043450138204682506 1.5940848840410755 
0.0004409509754956485 1.5941966686694695 
0.00044739793106745966 1.594310088907558 
0.0004538422019858537 1.594425158518248 
0.0004602837409595417 1.5945418914612426 
0.00046672250017578115 1.5946603018932446 
0.0004731584312939749 1.5947804041671558 
0.00047959148543929263 1.5949022128323187 
0.00048602161319633106 1.5950257426339078 
0.0004924487646029195 1.595151008513278 
0.0004988728891437214 1.5952780256069246 
0.0005052939357442642 1.5954068092468447 
0.0005117118527647293 1.5955373749601813 
0.0005181265879939177 1.5956697384687188 
0.0005245380886432429 1.595803915688914 
0.000530946301340895 1.5959399227316615 
0.0005373511721257767 1.5960777759016251 
0.0005465912228778303 1.5962172342833965 
0.0005792275785591973 1.59634965462491 
0.0006170698759969049 1.5964645716937822 
0.0006549257848474618 1.5965614566079713 
0.0006927977667197276 1.5966404248000527 
0.0007306882561219788 1.596701598616046 
0.0007685996592049615 1.5967451073282546 
0.0008065343524855792 1.5967710871475782 
0.0008444946815506834 1.5967796812379762 
0.0008824829597394012 1.5967710397312227 
0.0009205014668031654 1.596745319743611 
0.0009585524475416336 1.5967026853919828 
0.0009966381104143697 1.596643307812851 
0.0010347606261261952 1.596567365180671 
0.0010729221261856874 1.5964750427280106 
0.0011111247014356004 1.5963665327662366 
0.001149370400554373 1.5962420347073827 
0.0011876612285269608 1.5961017550862384 
0.0012259991450854508 1.595945907584086 
0.0012643860631170178 1.5957747130526525 
0.0013028238470392146 1.5955883995390345 
0.001341314311141411 1.595387202311254 
0.0013798592178919586 1.5951713638848264 
0.001418460276209177 1.5949411340493866 
0.001457119139697205 1.5946967698966685 
0.0014958374048442379 1.5944385358487168 
0.0015346166091837303 1.5941667036865477 
0.0015734582294172524 1.5938815525796748 
0.0016123636794990945 1.5935833691161725 
0.0016513343086810746 1.5932724473324245 
0.0016903713995187475 1.5929490887444597 
0.001729476165837053 1.5926136023788098 
0.0017686497506560275 1.592266304804018 
0.0018078932240761444 1.5919075201622683 
0.0018472075811233613 1.591537580201746 
0.0018865937395528345 1.5911568243082046 
0.0019260525376131113 1.5907655995377668 
0.0019655847317692487 1.59036426064912 
0.0020051909943858415 1.5899531701360656 
0.0020448719113700456 1.5895326982596907 
0.002084627979775752 1.5891032230811453 
0.002124459605367411 1.588665130493179 
0.0021643671001471756 1.5882188142526816 
0.002204350679843342 1.5877646760122182 
0.0022444104613623603 1.5873031253513834 
0.002284546460205379 1.5868345798077246 
0.002324758587850223 1.5863594649076815 
0.002365046649099395 1.585878214195864 
0.002405410339397493 1.585391269265051 
0.00244584924211759 1.584899079784638 
0.002486362825818919 1.5844021035285352 
0.0025729064352452286 1.5838972086221759 
0.0027640806118221922 1.583356267028121 
0.002959754188012753 1.5827674200850126 
0.0031559350943608927 1.5821332198140314 
0.0033526459215872523 1.5814564963752373 
0.0035499058053443527 1.5807402661066132 
0.003747730170005195 1.5799877327037093 
0.003946130465033712 1.5792022884118322 
0.004145113894058916 1.5783875152173832 
0.004344683136889765 1.577547186024152 
0.004544836064850649 1.576685265801539 
0.004745565449949862 1.5758059126871355 
0.004946858668563314 1.5749134790280288 
0.005148697400479824 1.5740125123423274 
0.005351057324344655 1.5731077561827158 
0.005553907810730979 1.5722041508804292 
0.005757211614287827 1.571306834150861 
0.005960924566630971 1.5704211415360834 
0.006164995271881996 1.5695526066626866 
0.006369364807005895 1.5687069612897169 
0.006573966429355427 1.5678901351220835 
0.006778725294080967 1.5671082553621378 
0.006983558184347455 1.566367645974078 
0.007188373257541791 1.5656748266316747 
0.007393069810934544 1.5650365113225548 
0.007597538070499232 1.5644596065788539 
0.0078016590068416825 1.5639512093070438 
0.008005304182397976 1.563518604185433 
0.008208335634274477 1.5631692606038186 
0.008410605797242149 1.5629108291132285 
0.008611957471535314 1.5627511373608658 
0.008812223840171551 1.5626981854823552 
0.009011228540527938 1.5627601409259049 
0.009208785794856511 1.5629453326845597 
0.009404700604313865 1.5632622449165616 
0.00959675959023415 1.5637195062416955 
0.009553989353408177 1.5643197942716804 
0.009350597439094388 1.5650460773728132 
0.009146275504389068 1.5658869208601558 
0.008941213096096468 1.5668336660045283 
0.008735588674425143 1.5678778305917311 
0.008529569610709387 1.5690111138900784 
0.008323312243904646 1.5702254009823016 
0.008116961989858118 1.5715127664927402 
0.007910653497486986 1.5728654777428237 
0.007704510846160195 1.5742759973666698 
0.007498647778831136 1.5757369854238172 
0.00729316796570495 1.5772413010398254 
0.0070881652935484984 1.5787820036112246 
0.0068837241760552614 1.5803523536069042 
0.006679919881016627 1.5819458130007213 
0.006476818870387202 1.583556045363854 
0.006274479149683099 1.5851769156548676 
0.006072950623477513 1.5868024897299726 
0.005872275454103848 1.588427033609212 
0.0056724884209843895 1.5900450125229881 
0.00547361727832274 1.5916510897666747 
0.005275683109175366 1.5932401253890185 
0.005078700674207515 1.59480717473813 
0.004882678753687031 1.5963474868883636 
0.004687620481506616 1.597856502968341 
0.004493523670258015 1.5993298544123393 
0.004300381126564445 1.600763361151514 
0.00410818095608767 1.6021530297654405 
0.003916906857761415 1.6034950516073527 
0.003726538406989277 1.604785800920977 
0.0035370513276469784 1.606021832962049 
0.003348417752874311 1.6071998821374014 
0.003160606474733818 1.6083168601738311 
0.0029735831829179604 1.6093698543293167 
0.0027873106927585045 1.610356125654337 
0.0026017491628763656 1.6112731073143682 
0.00241685630286137 1.61211840298271 
0.002232587571435074 1.6128897853089563 
0.0020488963655889147 1.6135851944733013 
0.0018657342012372569 1.6142027368305283 
0.0016830508859507765 1.6147406836514289 
0.0015007946843732523 1.6151974699655467 
0.00131891247694238 1.6155716935109892 
0.001137349912556762 1.615862113794324 
0.000956051555857762 1.616067651265861 
0.0007749610297926868 1.6161873866117695 
0.0005940211541575202 1.616220560167776 
0.0004131740808107631 1.6161665714546323 
0.00023236142627358625 1.6160249788397634 
5.1524402431057936e-05 1.6157954993253085 
-0.00012939605394357567 1.6154780084633347 
-0.0003104591521062572 1.6150725404018094 
-0.0004917241179701604 1.6145792880581058 
-0.0006732500636981165 1.6139986034241631 
-0.0008550958555172405 1.6133309980003925 
-0.0010373199790053578 1.6125771433587357 
-0.001219980401092502 1.6117378718350936 
-0.0014031344280326374 1.6108141773485805 
-0.0015868385585734446 1.6098072163464092 
-0.0017711483315868692 1.6087183088725001 
-0.0019561181673916073 1.6075489397578848 
-0.0021418012020256727 1.6063007599288186 
-0.0023282491137267547 1.6049755878302396 
-0.002515511940884063 1.6035754109602167 
-0.002703637890748234 1.60210238751087 
-0.0028926731381944126 1.6005588481105695 
-0.0030826616138712737 1.5989472976621413 
-0.0032736447810775005 1.5972704172689416 
-0.003465661400775477 1.5955310662444782 
-0.003658747284165098 1.5937322841943045 
-0.003852935032319482 1.5918772931631244 
-0.0040482537624413895 1.5899694998369331 
-0.00424472882037491 1.5880124977880417 
-0.004442381479104862 1.5860100697537172 
-0.004641228623075921 1.5839661899314295 
-0.0048412824182874625 1.5818850262803406 
-0.005042549968263033 1.5797709428103837 
-0.005245032956146367 1.5776285018438443 
-0.005448727273358989 1.5754624662305592 
-0.005653622635447719 1.5732778014958222 
-0.005859702185990079 1.5710796779023783 
-0.006065903795475891 1.568873490754588 
-0.006108712274253969 1.566701610221781 
-0.006031389598667725 1.564680254010732 
-0.005952024347965157 1.5628293687968322 
-0.005870677649486455 1.5611465244936504 
-0.005787412043086804 1.5596292914598584 
-0.005702291320622055 1.5582752431021776 
-0.005615380366609968 1.5570819584524542 
-0.005526745000768163 1.5560470247122784 
-0.005436451823084609 1.5551680397602075 
-0.005344568062025656 1.5544426146149837 
-0.005251161426462758 1.553868375852843 
-0.005156299961824318 1.5534429679718489 
-0.0050600519109452735 1.5531640556998496 
-0.004962485580036924 1.5530293262431707 
-0.0048636692101379775 1.553036491470894 
-0.004763670854367796 1.5531832900334508 
-0.004662558261246008 1.5534674894108238 
-0.004560398764294926 1.553886887889684 
-0.004457259178093975 1.5544393164655381 
-0.0043532057009060265 1.5551226406697303 
-0.004248303823955413 1.555934762318767 
-0.004142618247392149 1.5568736211846723 
-0.004036212802933037 1.5579371965856872 
-0.003929150383148283 1.559123508897181 
-0.003821492877305155 1.5604306209820957 
-0.0037133011136690763 1.5618566395390234 
-0.0036046348081216206 1.5633997163717452 
-0.003495552518935241 1.5650580495766682 
-0.0033861116075167286 1.566829884651051 
-0.003276368204916169 1.5687135155222154 
-0.003166377183876745 1.5707072854978799 
-0.0030561921361895172 1.5728095881402007 
-0.0029458653551017178 1.5750188680620056 
-0.0028354478225223745 1.5773336216508838 
-0.0027249892007530363 1.5797523977168852 
-0.002614537828481589 1.5822737980713688 
-0.0025041407207541666 1.584896478033229 
-0.002393843572657872 1.587619146868847 
-0.0022836907664341433 1.5904405681629574 
-0.0021737253817528668 1.5933595601270036 
-0.0020639892088760714 1.5963749958423534 
-0.0019545227644489627 1.5994858034442823 
-0.0018453653096568434 1.6026909662445985 
-0.0017365548705001177 1.6059895227987147 
-0.001628128259940742 1.6093805669162287 
-0.001520121101686589 1.6128632476185865 
-0.0014125678553865706 1.6164367690440233 
-0.0013055018430229992 1.6201003903040734 
-0.0011989552762893818 1.6238534252918164 
-0.0010929592847641334 1.6276952424430724 
-0.0009875439446879741 1.6316252644546378 
-0.000882738308174813 1.6356429679592588 
-0.0007785704326888354 1.6397478831603647 
-0.0006750674106346666 1.6439395934268934 
-0.0005722553989165879 1.6482177348516465 
-0.00047015964833424517 1.6525819957734367 
-0.00036880453269094726 1.6570321162644666 
-0.0002682135775027572 1.6615678875864348 
-0.0001684094882035969 1.66618915161318 
-6.941417775313541e-05 1.6708958002256658 
2.8751206436139487e-05 1.6756877746772476 
0.00033372517778326727 1.6805091246296997 
0.0015633413383233097 1.684442399930205 
0.0029019793799004157 1.6867430589186039 
0.004245570227165402 1.6874042231722002 
0.005601783767331281 1.6864502316516474 
0.006978179716156718 1.6839148257309724 
0.008382229820259046 1.6798414959845565 
0.009821324867619663 1.6742839598717694 
0.011302762195701088 1.6673067718510008 
0.012833708358511664 1.6589860677623245 
0.014421130370574964 1.6494104448401148 
0.016071687531539258 1.638681977155634 
0.017791574342690353 1.6269173633208633 
0.01958630362601388 1.614249198425559 
0.021460417936288334 1.6008273548940326 
0.02341711717223305 1.5868204465950067 
0.025457791618367087 1.572417336442833 
0.027581453418848934 1.5578286292681196 
0.029784066892241612 1.5432880685175363 
0.03205779050788515 1.529053727456303 
0.03439016205115386 1.5154088539491994 
0.03676328423232811 1.5026621949244476 
0.038557224166663295 1.491184965356283 
0.038381158723739595 1.481650457813365 
0.03794381575691197 1.4742932912060076 
0.037394655760235374 1.4690118018788578 
0.036742822877529724 1.465692216166523 
0.035998753044498066 1.464214522264864 
0.035173767899006614 1.464453955576208 
0.034279671248009014 1.4662824869067332 
0.033328371265765155 1.4695702638991857 
0.032331546241626596 1.4741869640897645 
0.03130036558591942 1.4800030274913911 
0.03024527178522196 1.4868907465991585 
0.02917582371694105 1.4947252013056982 
0.028100597579261866 1.503385034775003 
0.02702713881400065 1.5127530734187125 
0.025961956750188087 1.5227167996024635 
0.024910553098138832 1.5331686895655912 
0.02387747563541187 1.5440064314225952 
0.022866389192865988 1.5551330392422051 
0.021880157139595457 1.566456879326967 
0.020920927791883814 1.5778916242067607 
0.0199902213946912 1.5893561487348862 
0.019089014453220754 1.6007743812462922 
0.018217819174945804 1.6120751211624507 
0.017376756597750065 1.6231918328090613 
0.016565622627374266 1.6340624236752077 
0.015783946700042906 1.6446290138845796 
0.015031043144372536 1.6548377023632386 
0.014306055562968156 1.6646383340407247 
0.013607994711223315 1.6739842714412099 
0.012935770439192362 1.6828321731906208 
0.012288218299768117 1.6911417812756067 
0.011664121427420016 1.6988757183282703 
0.011062228268062357 1.705999295754768 
0.010481266701224401 1.712480333169292 
0.009919955047353657 1.7182889893143105 
0.00937701040052863 1.723397604438348 
0.008851154673658712 1.7277805539464162 
0.008341118691405747 1.731414113025208 
0.00784564461714976 1.7342763318741619 
0.007363486954978793 1.7363469211235705 
0.006893412326213655 1.7376071470063124 
0.006434198182397877 1.7380397358374964 
0.005984630582757555 1.737628787377159 
0.005543501133461692 1.7363596966645047 
0.005109603158224063 1.7342190839532332 
0.004681727144309811 1.7311947324098609 
0.004258655484393747 1.7272755332873349 
0.0038391565123772065 1.7224514383343825 
0.0034219778097202003 1.7167134192610227 
0.003005838737480726 1.7100534341399023 
0.0025894221275661877 1.7024644006899918 
0.0021713650440569054 1.6939401764678936 
0.001750248501303009 1.6844755460648813 
0.0013245859990957953 1.6740662155085055 
0.0008928107059325008 1.6627088141571624 
0.0004532610883862809 1.6504009044998156 
4.486647433354918e-06 1.6371410243122295 
-0.00027236526255824955 1.6232514507352025 
-0.0004002561596023746 1.6098646879476772 
-0.0005307175715645318 1.5972291220570056 
-0.0006634592627841052 1.5853450370280033 
-0.0007981684634439379 1.5742127985336607 
-0.0009345110218044184 1.5638328553009826 
-0.0010721328334784008 1.5542057399140852 
-0.0012106615462574855 1.5453320690375034 
-0.001349708534221561 1.5372125430266756 
-0.0014888711298095547 1.529847944904513 
-0.0016277350973525895 1.5232391386860697 
-0.001765877326393106 1.5173870670419987 
-0.0019028687180353554 1.5122927483034643 
-0.0020382772328071397 1.5079572728157742 
-0.0021716710641204173 1.504381798662415 
-0.0023026218976183177 1.5015675467840162 
-0.0024307082135923697 1.4995157955361456 
-0.002555518587348926 1.498227874726679 
-0.002676654941051071 1.497705159191979 
-0.0027937357001910357 1.497949061974019 
-0.0029063988085329395 1.4989610271660863 
-0.003014304557116265 1.5007425225037525 
-0.0031171381857018066 1.5032950317795128 
-0.0032146122188168036 1.5066200471611717 
-0.0032550328596832045 1.5106466658287896 
-0.003188765531357607 1.5148476751794426 
-0.0031203912206112516 1.518988503141524 
-0.0030529810066608487 1.5230672456977383 
-0.002986511277560222 1.5270830699400548 
-0.0029209587472942555 1.5310351673515994 
-0.002856300457233729 1.5349227531535157 
-0.002792513776691763 1.5387450656733093 
-0.002729576402662026 1.5425013657334712 
-0.002667466358809989 1.5461909360595738 
-0.002606161993775835 1.549813080707402 
-0.002545641978858315 1.5533671245099403 
-0.002485885305129276 1.5568524125408267 
-0.002426871280035714 1.5602683095975356 
-0.002368579523531311 1.5636141997006625 
-0.002310989963790755 1.5668894856100322 
-0.002254082832538362 1.5700935883581284 
-0.0021978386600380873 1.5732259467991656 
-0.0021422382697702247 1.5762860171728073 
-0.0020872627728378834 1.579273272684838 
-0.0020328935621212185 1.5821872031006892 
-0.001979112306217168 1.5850273143545182 
-0.0019259009431800145 1.5877931281722875 
-0.0018732416740931956 1.5904841817073896 
-0.0018211169564879004 1.5931000271909632 
-0.001769509497629329 1.595640231593594 
-0.0017184022476877114 1.598104376301289 
-0.0016677783928091827 1.6004920568015188 
-0.0016176213480993962 1.6028028823833804 
-0.0015679147505356372 1.6050364758477969 
-0.0015186424518147668 1.6071924732298783 
-0.00146978851114965 1.6092705235318372 
-0.001421337188022953 1.6112702884667853 
-0.0013732729349054118 1.6131914422131468 
-0.0013255803899432372 1.6150336711794662 
-0.001278244369628867 1.6167966737784354 
-0.0012312498614477363 1.6184801602117938 
-0.0011845820165183873 1.6200838522638095 
-0.0011382261422188122 1.6216074831047322 
-0.0010921676948125736 1.6230507971033623 
-0.0010463922720631569 1.6244135496475653 
-0.0010008856058565385 1.6256955069750898 
-0.0009556335548155381 1.6268964460120654 
-0.0009106220969181678 1.6280161542198903 
-0.0008658373221173132 1.6290544294505407 
-0.0008212654249595275 1.630011079810254 
-0.0007768926972044898 1.6308859235307196 
-0.0007327055204453536 1.6316787888486735 
-0.000688690358725319 1.6323895138924838 
-0.0006448337511519853 1.6330179465772456 
-0.0006011223045065961 1.6335639445065364 
-0.0005575426858464017 1.634027374882786 
-0.0005140816150961403 1.6344081144229492 
-0.00047072585762863994 1.6347060492838246 
-0.00042746221682987695 1.634921074992972 
-0.0003842775266469367 1.6350530963873975 
-0.00034115864411266017 1.6351020275589128 
-0.0002980924418480857 1.6350677918070362 
-0.00025506580053424877 1.6349503215984598 
-8.742615796841768e-05 1.6347435210645758 
0.001154474545465023 1.6342326787802963 
0.002646810511584219 1.6331537463060897 
0.004145685137975308 1.6315037702654283 
0.005654103306300673 1.6293076280999177 
0.007174837310058635 1.6266013216081079 
0.008710328756660779 1.6234321680847708 
0.010262580195665949 1.6198590353041515 
0.011833034526565145 1.6159526105667879 
0.013422440891127652 1.6117956907889877 
0.01503070671003881 1.607483476871323 
0.016656736862406207 1.6031238513218307 
0.018298262806528243 1.5988376133837807 
0.019951666756579778 1.5947586408589698 
-3.119980844719644 1.5910339426953604 
0.023271868691350672 1.587823561620296 
0.024923215635384688 1.5853002822380593 
0.02655532673037575 1.5836490978235513 
0.028155772595279682 1.5830663894688861 
0.029710293981458413 1.5837587752627524 
0.03120299025852158 1.5859415958155567 
0.0326166370965324 1.589837016429856 
0.033933142613019385 1.5956717458791734 
0.03513413923357467 1.60367439669573 
0.03620169305970844 1.6140725407347742 
0.03700987020847957 1.6270276333638825 
0.03678356283282924 1.6403050424714836 
0.03654458909631986 1.6507896726599798 
0.036556264936476346 1.6582703385533457 
0.03681234898746588 1.6627791397478533 
0.03730974595289749 1.664381133038844 
0.038048116922610564 1.6631750289981275 
0.03902942732721115 1.6592947193898575 
0.04025739227002134 1.6529116117104026 
0.041736763796132226 1.6442377507566346 
0.04347238908793305 1.6335296974197 
0.04546795405275539 1.6210931068264636 
0.047724317060447774 1.6072878948024718 
0.05023733994696167 1.5925337950783782 
0.05299514981253639 1.577315980964903 
0.055974832977546796 1.5621902475381853 
0.059138692913321966 1.5477870238572753 
0.062430415649858295 1.5348132243319623 
0.0657717805595226 1.5240506947545187 
0.06906089183485609 1.516349838777765 
0.07217317801206291 1.5126170418297125 
0.07496642583255486 1.5137948822971594 
0.07729065563781332 1.5208349497235711 
0.07551025197731953 1.5346515707222084 
0.06373263069709288 1.5547511033321761 
0.051754326647927285 1.5779537913608974 
0.040413577189095454 1.60123798901368 
0.029761990274514233 1.6222561099157218 
0.019718541426736264 1.6392751896844606 
0.010128283958254242 1.651108114439488 
0.0008000567620108645 1.6570546444310752 
-0.008470700911437923 1.6568616596764094 
-0.01788685554623734 1.650706229002844 
-0.027635497802824482 1.6392021673016424 
-0.03786852962744998 1.6234288734651037 
-0.04867173190684403 1.604978792985907 
-0.06001726125461053 1.5860152261244878 
-0.06634477024863861 1.5696315040867184 
-0.06047849149183543 1.5600046718069482 
-0.053580578759296366 1.5568478191618054 
-0.04634679249144891 1.558299765483984 
-0.03898917444226538 1.5626834892204018 
-0.03164930479386441 1.5685535071348855 
-0.024405356783213594 1.5747139917737094 
-0.01728461910308171 1.5802218019341607 
-0.010277146958175276 1.584381244145667 
-0.003348327783413263 1.586735933786367 
0.0012494076050538205 1.5872491916321854 
0.0013660942512513374 1.5871977918450275 
0.0013670637378399575 1.5871461980218573 
0.0013680308718973522 1.5870965391989307 
0.001368995635831427 1.5870488213958627 
0.001369958012039929 1.5870030506298392 
0.0013709179829154428 1.5869592329191184 
0.001371875530842337 1.5869173742794782 
0.0013728306381999844 1.5868774807270811 
0.0013737832873618183 1.5868395582759387 
0.0013747334606964423 1.586803612940367 
0.0013756811405684077 1.5867696507327738 
0.0013766263093375475 1.5867376776636304 
0.0013775689493623067 1.5867076997440146 
0.001378509042996634 1.5866797229816465 
0.0013794465725944782 1.586653753384698 
0.0013803815205064573 1.5866297969578285 
0.0013813138690844662 1.5866078597062994 
0.0013822436006783456 1.5865879476315736 
0.0013831706976404345 1.5865700667354288 
0.0013840951423220171 1.5865542230159235 
0.0013850169170784299 1.586540422470809 
0.0013859360042646762 1.5865286710946702 
0.0013868523862414217 1.586518974880999 
0.0013877660453712748 1.5865113398207884 
0.0013886769640209518 1.5865057719022726 
0.0013895851245635527 1.586502277112849 
0.0013904905093753972 1.5865008614354326 
0.0013913931008414093 1.5865015308531443 
0.0013922928813511204 1.58650429134383 
0.001393189833302777 1.5865091488854213 
0.0013940839391020088 1.5865161094507452 
0.0013949751811639377 1.5865251790118549 
0.001395863541911735 1.5865363635365832 
0.0013967490037800623 1.5865496689908558 
0.0013976315492128522 1.5865651013367903 
0.0013985111606665268 1.5865826665340426 
0.0013993878206088883 1.5866023705392935 
0.0014002615115200623 1.5866242193047588 
0.001401132215894163 1.5866482187810567 
0.0014019999162388497 1.5866743749139998 
0.0014028645950767693 1.586702693647259 
0.001403726234945002 1.5867331809191128 
0.0014045848183981136 1.5867658426666278 
0.0014054403280057692 1.5868006848207568 
0.0014062927463559527 1.586837713310716 
0.0014071420560542447 1.5868769340599955 
0.0014079882397251553 1.5869183529899125 
0.0014088312800127345 1.586961976016711 
0.0014096711595801281 1.5870078090522242 
0.001410507861112853 1.5870558580053171 
0.0014113413673161879 1.587106128779068 
0.0014121716609190038 1.58715862727385 
0.0014129987246717657 1.5872133593839424 
0.0014138225413496963 1.5872703310006242 
0.0014146430937509447 1.587329548009027 
0.0014154603647000275 1.587391016291405 
0.0014162743370455533 1.5874547417232359 
0.0014170849936638863 1.5875207301771923 
0.0014178923174573144 1.5875889875188711 
0.001418696291356547 1.5876595196108425 
0.0014194968983209377 1.5877323323097448 
0.0014202941213376508 1.5878074314661674 
0.0014210879434257695 1.5878848229272973 
0.001421878347632799 1.587964512532958 
0.0014226653170396064 1.588046506119525 
0.0014234488347573127 1.588130809515914 
0.0014242288839309003 1.5882174285472543 
0.001425005447738048 1.5883063690313917 
0.0014257785093916842 1.588397636781942 
0.001426548052137766 1.5884912376049405 
0.0014273140592598876 1.5885871773022473 
0.0014280765140767815 1.5886854616688644 
0.0014288353999440395 1.588786096493115 
0.001429590700256056 1.588889087558512 
0.0014303423984443064 1.5889944406407774 
0.0014310904779811229 1.589102161510946 
0.0014318349223768623 1.5892122559317867 
0.0014325757151845697 1.5893247296615667 
0.0014333128399966477 1.589439588449715 
0.001434046280449519 1.589556838041408 
0.0014347760202205184 1.589676484172573 
0.0014355020430325272 1.5897985325745634 
0.0014362243326506152 1.5899229889698656 
0.0014369428728867872 1.590049859075513 
0.0014505941116630672 1.5901788904054759 
0.001544952527213178 1.590304004417404 
0.0016532979454648433 1.5904194626327026 
0.0017616536293663942 1.590525802536635 
0.001870021223215057 1.5906239078451563 
0.0019784017498709616 1.5907147185003616 
0.0020867955725573373 1.5907992307024763 
0.0021952023565607603 1.5908784969328975 
0.002303621030868147 1.5909536259803145 
0.002412049749753231 1.5910257829560712 
0.002520485854364013 1.5910961893096045 
0.0026289258343371313 1.5911661228319551 
0.002737365289497723 1.5912369176512478 
0.0028457988917040267 1.591309964221357 
0.002954220346885583 1.5913867092917067 
0.0030626223573710087 1.591468655870991 
0.0031709965845609367 1.5915573631673563 
0.0032793336120620076 1.5916544465190672 
0.0033876229093544874 1.5917615772977636 
0.003495852796129101 1.5918804827984514 
0.003604010407381786 1.592012946097754 
0.0037120816594241324 1.5921608058952237 
0.0038200512169138667 1.5923259563186642 
0.003927902461085292 1.5925103467070283 
0.004035617459304391 1.5927159813559961 
0.004143176936135556 1.592944919230848 
0.004250560246091439 1.5931992736452907 
0.004357745348233605 1.5934812118955841 
0.0044647087828462995 1.593792954860507 
0.004571425650348432 1.5941367765500383 
0.0046778695926908975 1.594515003615434 
0.004784012777414692 1.5949300148036674 
0.004889825884633603 1.5953842403680307 
0.0049952780971256605 1.595880161418509 
0.0051003370938091375 1.596420309224116 
0.005204969046793864 1.5970072644497866 
0.005309138622287074 1.597643656340761 
0.005412808985553838 1.5983321618391586 
0.005515941810190522 1.5990755046384844 
0.005618497291946009 1.5998764541748214 
0.005720434167292288 1.6007378245438861 
0.005821709737008504 1.6016624733557472 
0.005922279894940985 1.6026533005111463 
0.006022099162194608 1.6037132469123163 
0.0061211207268871 1.6048452930928692 
0.006219296489695561 1.6060524577796733 
0.006316577115291495 1.6073377963721216 
0.006412912089853395 1.6087043993517194 
0.006508249784715904 1.610155390609519 
0.006602537526268944 1.611693925698468 
0.0066957216721626744 1.613323190011858 
0.006787747693807012 1.615046396879317 
0.006878560265208021 1.6168667855942358 
0.006579116414621035 1.618743916302592 
0.005447933497233943 1.6203337488168064 
0.004296318327845251 1.6214510617941837 
0.0031505991295574494 1.6220677944486086 
0.0020086983476381 1.6221632132240171 
0.0008684290120879621 1.6217229827952426 
-0.0002724703487295855 1.6207391177201937 
-0.0014163022885111884 1.6192099646182458 
-0.0025653774056293324 1.6171402158959585 
-0.0037219805409372617 1.6145409554852777 
-0.004888335036986194 1.6114297364758767 
-0.006066563867581657 1.6078306898993744 
-0.007258646443907077 1.6037746632582066 
-0.008466369924211358 1.5992993865651646 
-0.009691273912207563 1.5944496627458467 
-0.010934587543088098 1.589277578096099 
-0.012197158149762875 1.5838427271728426 
-0.013479371004055558 1.5782124448766197 
-0.01478106007217335 1.5724620366645545 
-0.016101410345821826 1.5666749956939905 
-0.01743885314493318 1.5609431933717128 
-0.018790956861522615 1.555367027251231 
-0.02015431693741307 1.5500555076161082 
-0.021524450424134117 1.5451262615998262 
-0.022895702199656393 1.5407054314742716 
-0.024261171695452693 1.5369274421944734 
-0.025612670625182105 1.5339346126734386 
-0.026940723432694325 1.5318765861196104 
-0.02823462264556592 1.5309095574327292 
-0.029359047405830063 1.5311939904320444 
-0.029190397751645114 1.5328072249970965 
-0.028656587819441914 1.5356621444735743 
-0.02808441833302533 1.5396894596368678 
-0.02747908208188138 1.5448240231612853 
-0.026845738248806095 1.550999923212459 
-0.02618942374114469 1.5581509503185667 
-0.025514978174301817 1.5662110293958644 
-0.024826983255356372 1.5751146119233228 
-0.024129716529277423 1.5847970251008152 
-0.02342711881175119 1.5951947764493044 
-0.022722774156854864 1.606245813784248 
-0.022019900890226873 1.617889741665688 
-0.021321352065857058 1.6300679964091602 
-0.020629623652902884 1.6427239824177269 
-0.01994686880375507 1.655803173108016 
-0.01927491666805392 1.6692531799579702 
-0.018615294376889135 1.683023793342192 
-0.017969251005245268 1.6970669987959253 
-0.017337782512852673 1.7113369722161575 
-0.0167216568518459 1.7257900573350926 
-0.01612143860460913 1.7403847285218519 
-0.015537512672790132 1.7550815417215877 
-0.015794164106476383 1.7693170557076172 
-0.017871860116817073 1.779147293008517 
-0.020167843704185118 1.782937280795946 
-0.022666249911405534 1.7809155537018941 
-0.025409124023416663 1.7733658691168606 
-0.02844166363563061 1.760627261459296 
-0.031812200279503045 1.7431056077081748 
-0.03557140691459537 1.7212877789083763 
-0.03977027956056345 1.69575874212271 
-0.0444562214502513 1.6672218545345352 
-0.04966631144032174 1.6365222822235177 
-0.055416648169316574 1.6046728526600176 
-0.061686730195679385 1.5728805424953374 
-0.06839854996179806 1.5425700362014274 
-0.0753920291369734 1.5153983057758944 
-0.08240214143491165 1.4932512612967068 
3.0525443677022315 1.478211257051326 
-0.09485080953885872 1.472484695414396 
-0.09928779755035566 1.4782848747461854 
-0.10081555614747328 1.4976438927105549 
-0.08990915584893266 1.5298417733064622 
-0.07643847846334828 1.5692391727128976 
-0.06401898507626202 1.611290184967167 
-0.05287216221807545 1.6524484693303538 
-0.04297296376901416 1.6899389038364183 
-0.03416919526559814 1.7216348633712508 
-0.026254813333200233 1.7459349200661813 
-0.019007846513706905 1.7616580332176044 
-0.012205780635829111 1.7679627136832412 
-0.0056278075915781045 1.7642897893365725 
0.0009504559546007485 1.7503267898588695 
0.007766895512088201 1.7259924489259502 
0.015086167768001646 1.6914413393575634 
0.023215553228153274 1.6470908448211397 
0.03252190031652824 1.593675516649704 
0.043445124470415375 1.5323374296548824 
0.05649589130870181 1.4647651314047692 
0.07220787915756688 1.3933964046092386 
0.09098325156576759 1.32169541596072 
0.11273131072581677 1.2544875533950477 
0.136221211416641 1.1982555376931123 
-2.984995254340433 1.1611724098959153 
0.15325813408927313 1.1517615293825982 
0.1383908797607214 1.1697949401961867 
0.11990741276559191 1.2090383604841257 
0.10091708057345583 1.2629523816821706 
0.08332248574432644 1.3257336669224147 
0.06791456702442333 1.392678274168964 
0.05479071131373592 1.4601729079296173 
0.04371878756342695 1.5255243600481936 
0.0343563790809196 1.5867581254670422 
0.026356835573976722 1.6424421152973343 
0.01941030196468474 1.6915498586302316 
0.01325321918324407 1.733360650024505 
0.007664612908174329 1.7673894090961795 
0.0024579434303582115 1.7933391388514464 
-0.002527709324979588 1.8110704051232758 
-0.007435702115333176 1.820583926933351 
-0.012398689269459195 1.8220137890289734 
-0.01754416291317562 1.815629917907462 
-0.022998501330446786 1.8018493486832736 
-0.02888906358332277 1.7812564947591718 
-0.0353433359928631 1.7546331049751538 
-0.04248331841088093 1.722998743776333 
-0.05041223272789008 1.6876621841485768 
-0.055758183639347925 1.65111172590668 
-0.05603994744902141 1.6191646999465845 
-0.055816432655942494 1.593339158050529 
-0.05513744711306123 1.5733342552172311 
-0.05402439861504238 1.558786697004482 
-0.0525156953623247 1.5492814240113606 
-0.05066281968346242 1.5443632135701644 
-0.048525505624511966 1.543549583339173 
-0.04616678984331557 1.5463438749421918 
-0.043648590989151526 1.5522475326739023 
-0.04102824615914735 1.560770845982191 
-0.03835617887312748 1.571441723836716 
-0.03567465909864809 1.5838123517951153 
3.108575177018297 1.5974638077671963 
-0.030410286742793557 1.6120088638544028 
-0.027871387126437774 1.6270932819152342 
-0.025412716926038526 1.6423959336851164 
-0.02304092329755436 1.6576280601891455 
-0.020758388591568533 1.6725319463908734 
-0.018564156286895006 1.6868792387044445 
-0.016454726108956486 1.700469083888031 
-0.014424711248567368 1.713126223288071 
-0.012467364420359672 1.724699138732523 
-0.01057498693060177 1.7350583163071591 
-0.008739238009332961 1.7440946712638719 
-0.006951362050748644 1.7517181605229715 
-0.005202350303313175 1.7578565974760871 
-0.0034830517764374846 1.7624546759841573 
-0.0017842462046071539 1.7654732056863163 
-9.669014214086502e-05 1.7668885580833433 
0.0015888541762456576 1.766692321803979 
0.003281598597142832 1.7648911653386266 
0.004990709392295178 1.761506906042503 
0.006648251696301788 1.7565795375568722 
0.006497616055714861 1.7505217720221173 
0.005568761170660963 1.7440661207012114 
0.004632700331027584 1.7372705422628745 
0.0036883248994883377 1.730109573658646 
0.0027343593012540968 1.7225624084874234 
0.001769376433583325 1.7146129489188882 
0.0007918134111108976 1.7062498728530833 
-0.00020001194067464922 1.697466718699203 
-0.0012078833215365403 1.6882619898974018 
-0.002233666284959357 1.67863928108557 
-0.0032792859006922637 1.6686074275097782 
-0.0043467008655988515 1.6581806789847697 
-0.0054378730447004475 1.6473788992932326 
-0.006554731290878912 1.6362277914564693 
-0.00769912826422714 1.624759148666914 
-0.008872788862113845 1.613011129926426 
-0.010077248795626437 1.6010285584199164 
-0.011313781831979064 1.5888632394415605 
-0.012583314298790116 1.5765742931444515 
-0.013886325658404308 1.5642284954983041 
-0.015222734363141699 1.551900618592705 
-0.01659176885917235 1.5396737587273286 
-0.01799182458923898 1.5276396376810126 
-0.019420309222211607 1.515898859081989 
-0.020873480169002034 1.5045610981354474 
-0.022346280754135472 1.4937451991572885 
-0.023832184168166792 1.4835791518189754 
-0.025323057401585247 1.4741999140244473 
-0.026809060503453663 1.465753047527956 
-0.028278599304415675 1.4583921323536546 
-0.029718351610450444 1.452277928535677 
-0.03111338708155964 1.4475772594235745 
-0.032447398761784596 1.4444616003215098 
-0.033703058815343745 1.44310537000087 
-0.034752659983307455 1.4436821882374153 
-0.03404075291979747 1.4461945683450996 
-0.03270073960835873 1.4503361801689656 
-0.03131274376070281 1.4559064438729568 
-0.029892549005158475 1.4627288431361583 
-0.02845431803908205 1.4706322932989888 
-0.02701043970037209 1.4794523683178933 
-0.025571479265978025 1.489032230694625 
-0.02414621087573099 1.49922328909461 
-0.022741710656916103 1.5098856154110782 
-0.021363490779907734 1.52088815645924 
-0.020015657491758487 1.5321087760175716 
-0.01870107948466726 1.5434341614272042 
-0.017421556272549377 1.5547596260552385 
-0.016177979265706854 1.5659888353036027 
-0.014970480789022411 1.5770334798816033 
-0.01379856833244908 1.5878129161691301 
-0.012661242870556144 1.5982537898108273 
-0.011557101199647701 1.6082896554090649 
-0.010484422990480913 1.6178606023186668 
-0.009441243719723491 1.6269128941186497 
-0.008425414895199657 1.635398627369013 
-0.007434653088884968 1.643275413620414 
-0.006466579287355556 1.6505060874078672 
-0.005518749999268047 1.6570584419502281 
-0.004588681452428689 1.6629049935704994 
-0.003673868088819976 1.6680227752845584 
-0.002771796439195895 1.6723931596604937 
-0.0018799553383351264 1.6760017107677994 
-0.0009958433339951056 1.6788380649170964 
-0.00011697405010829831 1.680895839780527 
0.0007591198102356311 1.6821725714831155 
0.0016348831935176222 1.6826696792554041 
0.0025127355667478035 1.682392457262321 
0.0033950673627921035 1.6813500932826477 
0.004284235437123418 1.6795557139195327 
0.0051825569624902035 1.677026456067342 
0.006092301163204528 1.6737835643158525 
0.007015678253792956 1.6698525139447664 
0.007954824899994994 1.665263159013404 
0.008911785467405176 1.6600499048887953 
0.009888488269160722 1.6542519042393498 
0.010886715976433814 1.6479132751462398 
0.011908069323215864 1.6410833394189728 
0.012953923233449682 1.6338168785135931 
0.014025374540437396 1.6261744035490735 
0.015123180577269024 1.6182224347932141 
0.01624768811944244 1.6100337846586663 
0.017398752487338354 1.6016878366075677 
0.018575647102382797 1.5932708105282254 
0.019776964471227787 1.584876002994048 
0.021000510480528978 1.5766039885317231 
0.022243195041367736 1.568562765549818 
0.023500923529391593 1.5608678281670225 
0.024755906847154452 1.5536423411412432 
0.02469733453045453 1.5472144105861014 
0.023709704766093243 1.5421811857079535 
0.022662763865526125 1.5385373094743495 
0.021565004368454543 1.536164766457979 
0.020424671293215235 1.5349481474704254 
0.019249600765965713 1.5347755832909795 
0.018047095710977845 1.5355395613567318 
0.016823838029456084 1.53713762238247 
0.015585834755620254 1.539472938718526 
0.01433839435283557 1.5424547801530135 
0.013086128560471866 1.5459988756948364 
0.011832974939463226 1.5500276817946896 
0.01058223538060954 1.55447056846564 
0.009336626221988165 1.5592639350959998 
0.00809833616572464 1.5643512674797764 
0.006869088803460266 1.569683146903614 
0.005650207187905321 1.5752172211554933 
0.004442678477917239 1.5809181461461195 
0.003247217207986819 1.5867575055829035 
0.0020643261740146412 1.5927137148328439 
0.0008943542813429906 1.5987719138597316 
-0.0002624490301755822 1.604923852881572 
-0.0014058829789581617 1.6111677732763396 
-0.0025357483267755 1.6175082851849962 
-0.0036518039701702865 1.6239562423083003 
-0.0047468408100374004 1.630528370330362 
-0.005294054540116111 1.6370695563282953 
-0.005505027552121122 1.643105164601728 
-0.005719794155124247 1.6485579352177413 
-0.005938710408550207 1.6534343358772485 
-0.006162131865998122 1.6577411853210313 
-0.006390414514807707 1.6614856716891317 
-0.006623915586308038 1.664675372168988 
-0.006862994237223807 1.6673182740059864 
-0.007108012099942496 1.6694227969253466 
-0.007359333696816961 1.670997817043681 
-0.007617326710874894 1.6720526923271875 
-0.00788236210261306 1.6725972896722188 
-0.008154814059637916 1.672642013680571 
-0.008435059762863517 1.6721978371892603 
-0.00872347894987624 1.6712763336398961 
-0.009020453252608807 1.6698897113347084 
-0.009326365283071625 1.6680508496601707 
-0.009641597437027527 1.665773337313037 
-0.009966530381816052 1.663071512594775 
-0.010301541190378627 1.659960505786635 
-0.010647001079704843 1.6564562836439867 
-0.011003272707719725 1.6525756959859632 
-0.0113707069790151 1.6483365243775538 
-0.011749639306088078 1.6437575328257248 
-0.01214038526992156 1.638858520411185 
-0.012543235621487292 1.6336603757189962 
-0.01295845056462741 1.628185132872563 
-0.01338625326143561 1.6224560289391317 
-0.013826822503614222 1.61649756237318 
-0.014280284498720097 1.6103355521216158 
-0.014746703728548805 1.6039971968795799 
-0.015226072849868766 1.5975111339282702 
-0.0157183016251643 1.590907496823869 
-0.01622320489498752 1.5842179711187439 
-0.016740489633816247 1.5774758471218058 
-0.017269741169909647 1.570716068577567 
-0.017810408696591895 1.5639752759699035 
-0.018361790258551003 1.5572918429882452 
-0.01892301746264824 1.5507059045408524 
-0.01949304023722742 1.5442593745118225 
-0.020070612047135672 1.5379959513302246 
-0.020654276060246002 1.5319611092613652 
-0.02124235285343745 1.526202073252752 
-0.02183293033572342 1.5207677750796686 
-0.02242385664885943 1.5157087885633032 
-0.02301273687217914 1.5110772416686333 
-0.0235969344009595 1.506926703482807 
-0.02417357787455554 1.5033120442967205 
-0.02473957449252756 1.5002892674126764 
-0.025291630462580095 1.4979153117838708 
-0.02582627916498259 1.4962478252131537 
-0.0263399173890006 1.4953449086034643 
-0.026828849695538837 1.4952648325953177 
-0.02728934059352167 1.4960657289076948 
-0.02771767379639195 1.4978052596876656 
-0.02811021737216962 1.5005402692427143 
-0.028463493142549423 1.504326423495876 
-0.028774248260593355 1.50921784344652 
-0.029039526539701543 1.5152667396408606 
-0.029009513536853854 1.522517616745207 
-0.027148913746242887 1.530807361704252 
-0.02494691730457985 1.5397542344367685 
-0.022779717376539985 1.5491026406177866 
-0.020655579339260335 1.558628898678003 
-0.018579550988535705 1.5681314006808813 
-0.016553978650845583 1.5774300583752232 
-0.014578993074205987 1.5863655416974138 
-0.012652946875013657 1.5947984007300129 
-0.010772795373876709 1.6026081434528614 
-0.00893441968664338 1.6096923249195536 
-0.007132895487290819 1.6159656893870158 
-0.005362713531752439 1.6213593953732413 
-0.0036179593855749648 1.6258203445582882 
-0.0018924602936993828 1.629310628441084 
-0.0001799071196090518 1.6318071013828404 
0.001526040985456667 1.6333010847258924 
0.003231661878039249 1.633798203623367 
0.004943078722487032 1.63331835580812 
0.0066661646239927486 1.6318958093141016 
0.008349921859325343 1.6295815084649412 
0.008619502925539535 1.626734965125449 
0.00826544192508473 1.6239884878231643 
0.007907732275209745 1.6214031042070232 
0.007546702185054557 1.6189642260215362 
0.007182653915941417 1.6166578571811754 
0.006815863887711243 1.6144706103624902 
0.006446582996594771 1.6123897218322134 
0.00607503712348724 1.6104030646388388 
0.00570142781227756 1.6084991603202066 
0.005325933098791494 1.6066671892553321 
0.004948708472288135 1.6048969998118536 
0.004569887952794463 1.6031791164135578 
0.004189585269245878 1.60150474667591 
0.00380789512496333 1.5998657877216762 
0.0034248945387751195 1.5982548318143854 
0.0030406442516946602 1.5966651714111113 
0.0026551901907634345 1.595090803749186 
0.0022685649832107496 1.5935264350666236 
0.001880789515548903 1.5919674845365108 
0.001491874533621776 1.5904100880094139 
0.0011018222808103079 1.5888511016191353 
0.000710628172732701 1.5872881053268484 
0.00031828250767165084 1.585719406437975 
-7.522778724389223e-05 1.5841440431465084 
-0.0004699173735117773 1.5825617881182794 
-0.0008658006813783564 1.5809731521443446 
-0.0012628900514152011 1.579379387855671 
-0.0016611938363652115 1.5777824935031837 
-0.002060714462305227 1.576185216773467 
-0.002461446448644551 1.5745910586127327 
-0.0028633743872022582 1.5730042770149608 
-0.003266470881564988 1.5714298907055548 
-0.003670694449215424 1.5698736826621795 
-0.00407598739041596 1.568342203368679 
-0.004482273629718828 1.5668427737170374 
-0.004889456538054546 1.5653834874279644 
-0.005297416745858957 1.5639732128694699 
-0.005706009960368075 1.5626215941197799 
-0.0061150648033249655 1.5613390511238339 
-0.006524380688559497 1.560136778761507 
-0.006933725762496054 1.559026744644534 
-0.0073428349343399035 1.5580216854447602 
-0.007751408026480958 1.5571351015362302 
-0.008159108079605168 1.556381249738913 
-0.008565559850670618 1.555775133926503 
-0.008970348545614432 1.5553324932762465 
-0.009373018831744406 1.555069787911677 
-0.009773074177610835 1.5550041817193678 
-0.010169976569971262 1.5551535220938548 
-0.010563146658667977 1.5555363164089058 
-0.010951964379955409 1.556171704993805 
-0.01133577010751044 1.5570794304461684 
-0.011713866377111665 1.5582798031106015 
-0.012085520226250285 1.5597936626059927 
-0.012449966183079364 1.561642335315216 
-0.012806409930181423 1.5638475877873508 
-0.012988795762522404 1.566418690331722 
-0.012649755334124324 1.5692233742774548 
-0.01227422484889884 1.5721557867076377 
-0.011900201635922314 1.575193857324089 
-0.011528109484665039 1.5783175740737487 
-0.011158320168661584 1.5815076043938587 
-0.010791155835025601 1.5847452978308996 
-0.010426891544249528 1.5880126859169665 
-0.010065757905753203 1.5912924796426628 
-0.009707943761431304 1.5945680648118896 
-0.009353598876360614 1.5978234955777604 
-0.009002836602141517 1.6010434864279666 
-0.00865573648425727 1.6042134028636033 
-0.008312346790377623 1.6073192510191658 
-0.007972686941276341 1.6103476664215324 
-0.007636749830540579 1.6132859021004575 
-0.007304504022917213 1.616121816213301 
-0.006975895824590683 1.6188438593609016 
-0.006650851221374432 1.6214410617243948 
-0.006329277683314982 1.6239030201679372 
-0.006011065836065921 1.6262198854100582 
-0.005696091001101744 1.628382349375965 
-0.005384214608106286 1.6303816328204674 
-0.005075285483865877 1.6322094732940329 
-0.004769141022861523 1.6338581135374095 
-0.00446560824523673 1.6353202903498283 
-0.004164504748328746 1.636589224000774 
-0.0038656395581316283 1.6376586082188163 
-0.00356881388730268 1.6385226008117786 
-0.0032738218063175784 1.6391758149415243 
-0.0029804508344534186 1.6396133110989255 
-0.002688482457168906 1.6398305897922036 
-0.0023976925764362944 1.6398235849887333 
-0.0021078519004227303 1.6395886583199268 
-0.0018187262788779135 1.639122594075252 
-0.001525426664681584 1.6384224929968005 
-0.0006264077176503791 1.6373289966280828 
0.0006987978084112001 1.635365427132709 
0.0020311900442027686 1.632443366497994 
0.003375492899712562 1.6285717183749704 
0.004736439213941568 1.6237681828619683 
0.00611873453084244 1.618059464174286 
0.00752701248618437 1.6114815563056653 
0.008965778317340856 1.604080106371433 
0.010439336669162469 1.5959108542446816 
0.011951699522944947 1.5870401455869754 
0.0135064697812175 1.5775455131856833 
0.015106695889203603 1.5675163185105907 
0.016754692995772813 1.5570544414027472 
0.018451826732714227 1.5462750005673196 
0.020198256959117478 1.535307080944468 
0.021992641068047214 1.5242944358932258 
0.02383180001615992 1.5133961225110846 
0.025710355437195298 1.502787017438085 
0.02762035327919732 1.4926581487158428 
0.02955089838859362 1.4832167675260823 
0.03148783498721222 1.4746860733794265 
0.033413519074135506 1.4673044995488596 
0.03530673864980022 1.4613244648723693 
0.03714284361736296 1.4570105064762686 
0.03889414583448923 1.4546367284986492 
0.040530637444547955 1.4544835368789988 
0.042021049532249596 1.4568336803932564 
0.04333423283392644 1.461967681525067 
0.044440790927797624 1.4701588121165305 
0.0453148418245104 1.4816678392648142 
0.04593573788776589 1.4967378249901573 
0.0462895496964838 1.515589296717993 
0.04637012734958429 1.5384161045616784 
0.04617959644183456 1.5653822413304674 
0.04572821959957296 1.5966198248185348 
0.045033643282870794 1.6322283397726545 
0.04411963401668889 1.6722751247754795 
0.04301447017022997 1.7167969846708657 
0.04174918363585867 1.765802727228871 
0.04035583865605308 1.8192763727160577 
0.038865999720133715 1.8771807693815377 
0.03730948913364596 1.9394613624382018 
0.0357134805089816 2.006049900917506 
0.034101927228488926 2.0768679159169983 
0.03249529067410484 2.151829856350117 
0.03091051315541249 2.230845817270043 
0.029361173324135792 2.313823836973219 
0.027857764131527185 2.400671770434456 
0.026408041428021334 2.4912987682015 
0.02501740197288549 2.585616402821948 
0.02368926062156762 2.6835394909788484 
0.02242540637703727 2.784986660457732 
0.021226325147616687 2.889880708752311 
0.020091483275465283 2.9981487956584236 
0.01901957032724977 3.1097225069177794 
0.018008702559014766 3.224537820249881 
0.017056590215593026 3.342534999778718 
